@tasks 25
T0 5 1(0) 3(0) 14(0) 15(0) 16(0)
T1 5 2(0) 4(0) 6(0) 11(0) 24(0)
T2 2 5(0) 20(0)
T3 1 9(0)
T4 1 7(0)
T5 2 10(0) 12(0)
T6 1 8(0)
T7 1 22(0)
T8 0
T9 0
T10 1 23(0)
T11 0
T12 2 13(0) 19(0)
T13 0
T14 1 21(0)
T15 2 17(0) 18(0)
T16 0
T17 0
T18 0
T19 0
T20 0
T21 0
T22 0
T23 0
T24 0
@proc 7
0 0 0 
0 0 0 
0 0 0 
0 0 0 
60 0 1 
87 0 1 
24 0 1 
@times
56 38 22 63 808 696 843 
9 34 27 29 482 521 289 
15 70 25 60 706 513 302 
10 26 39 29 645 777 643 
36 65 12 29 959 750 963 
62 34 34 51 127 804 745 
55 2 62 36 452 706 436 
39 23 50 22 813 746 723 
35 40 30 1 526 231 928 
8 12 21 16 791 667 642 
47 37 48 4 180 357 156 
13 56 10 29 943 361 729 
28 27 26 30 748 925 158 
4 30 27 44 805 441 706 
24 11 15 37 319 881 509 
61 39 49 55 268 502 205 
34 11 62 54 135 440 703 
4 20 22 61 492 399 846 
2 44 47 59 724 483 757 
38 32 19 10 404 477 326 
20 20 26 8 252 392 680 
5 40 4 46 517 841 513 
58 64 28 10 181 263 255 
36 40 12 58 639 647 969 
3 35 9 63 968 219 844 
@cost
741 906 511 747 93 72 79 
610 976 693 773 93 49 24 
896 956 721 483 84 25 55 
969 863 814 540 71 78 80 
814 608 594 946 38 54 27 
502 949 537 932 17 40 63 
645 696 514 843 48 99 99 
686 729 671 938 68 47 36 
891 499 900 635 82 62 19 
639 752 820 686 87 43 73 
638 583 471 558 36 58 60 
669 811 933 679 76 50 98 
776 609 887 771 75 18 90 
705 610 765 718 74 53 99 
954 718 574 460 27 43 74 
518 842 954 622 35 17 45 
911 941 674 972 75 55 21 
753 819 817 806 62 29 89 
467 549 943 722 28 49 58 
758 867 839 888 81 60 64 
737 899 742 573 71 79 98 
573 684 521 878 71 30 60 
718 870 630 519 54 66 81 
653 745 876 550 61 19 43 
642 633 977 802 82 57 63 
@comm 1
CHAN0 42 21 1 1 1 1 1 1 1 
