@tasks 20
T0 6 1(22) 2(233) 5(219) 6w(W2,173) 7(123) 8(231)
T1 3 3w(W1,214) 10(213) 14w(W4,115)
T2 1 4(207)
T3 3 15w(W5,175) 18(1) 19(60)
T4 1 13(28)
T5 0
T6 0
T7 0
T8 3 9(190) 11w(W3,110) 12(214)
T9 1 16(6)
T10 0
T11 0
T12 1 17(51)
T13 0
T14 0
T15 0
T16 0
T17 0
T18 0
T19 0
@proc 4
0 0 0 
0 0 0 
94 0 1 
45 0 1 
@times
56 70 178 330 
41 39 702 819 
61 11 538 400 
24 51 872 473 
60 60 199 696 
56 65 968 399 
55 12 533 866 
43 43 914 924 
49 38 238 369 
29 14 831 586 
6 4 168 884 
60 39 544 126 
12 63 179 593 
2 49 886 869 
35 2 296 325 
31 29 661 623 
62 41 769 678 
45 69 543 298 
12 31 561 443 
23 39 210 627 
@cost
632 800 32 48 
687 930 53 83 
509 920 97 67 
626 596 74 75 
542 604 53 16 
896 462 83 37 
746 476 41 69 
722 779 100 22 
693 966 76 64 
693 832 58 15 
801 724 79 83 
922 957 22 53 
512 465 51 84 
752 861 99 45 
881 832 87 88 
849 767 39 68 
698 891 86 99 
824 493 55 50 
911 856 38 52 
878 451 45 83 
@comm 1
CHAN0 39 23 1 1 1 1 
